%generate wiring information for single electrode
%standard format for columns in probewiring:
%column 1: channel number (starts with 0)
%column 2: x
%column 3: y
%column 4: z
%column 5: shaft
function probewiring=probeConfig_64G

probewiring=[
0	0	0	50	2
1	0	0	0	2
2	0	0	99.9	2
3	0	0	150	2
4	0	0	200	2
5	0	0	250	2
6	0	0	300	2
7	0	0	350	2
8	0	0	400	2
9	4	0	450	2
10	20	0	475	2
11	20	0	375	2
12	20	0	275	2
13	20	0	175	2
14	20	0	75	2
15	20	0	-25	2
16	20	0	25	2
17	20	0	125	2
18	20	0	225	2
19	20	0	325	2
20	20	0	425	2
21	20	0	500	2
22	36	0	450	2
23	40	0	400	2
24	40	0	350	2
25	40	0	300	2
26	40	0	250	2
27	40	0	200	2
28	40	0	150	2
29	40	0	0	2
30	40	0	50	2
31	40	0	100	2
32	300.1	0	50	1
33	300.1	0	0	1
34	300.1	0	99.9	1
35	300.1	0	150	1
36	300.1	0	200	1
37	300.1	0	250	1
38	300.1	0	300	1
39	300.1	0	350	1
40	300.1	0	400	1
41	304.1	0	450	1
42	320.1	0	475	1
43	320.1	0	375	1
44	320.1	0	275	1
45	320.1	0	175	1
46	320.1	0	75	1
47	320.1	0	-25	1
48	320.1	0	25	1
49	320.1	0	125	1
50	320.1	0	225	1
51	320.1	0	325	1
52	320.1	0	425	1
53	320.1	0	500	1
54	336.1	0	450	1
55	340.1	0	400	1
56	340.1	0	350	1
57	340.1	0	300	1
58	340.1	0	250	1
59	340.1	0	200	1
60	340.1	0	150	1
61	340.1	0	0	1
62	340.1	0	50	1
63	340.1	0	100	1];