%generate wiring information for single electrode
%standard format for columns in probewiring:
%column 1: channel number (starts with 0)
%column 2: x
%column 3: y
%column 4: z
%column 5: shaft
function probewiring=probeConfig_64E

probewiring=[
0	0	0	3100	1
1	0	0	3000	1
2	0	0	2900	1
3	0	0	2800	1
4	0	0	2700	1
5	0	0	2600	1
6	0	0	2500	1
7	0	0	2400	1
8	0	0	2300	1
9	0	0	2200	1
10	0	0	2100	1
11	0	0	2000	1
12	0	0	1900	1
13	0	0	1800	1
14	0	0	1700	1
15	0	0	1600	1
16	0	0	1500	1
17	0	0	1400	1
18	0	0	1300	1
19	0	0	1200	1
20	0	0	1100	1
21	0	0	1000	1
22	0	0	900	1
23	0	0	800	1
24	0	0	700	1
25	0	0	600	1
26	0	0	500	1
27	0	0	400	1
28	0	0	300	1
29	0	0	200	1
30	0	0	100	1
31	0	0	0	1
32	0	0	50	1
33	0	0	150	1
34	0	0	250	1
35	0	0	350	1
36	0	0	450	1
37	0	0	550	1
38	0	0	650	1
39	0	0	750	1
40	0	0	850	1
41	0	0	950	1
42	0	0	1050	1
43	0	0	1150	1
44	0	0	1250	1
45	0	0	1350	1
46	0	0	1450	1
47	0	0	1550	1
48	0	0	1650	1
49	0	0	1750	1
50	0	0	1850	1
51	0	0	1950	1
52	0	0	2050	1
53	0	0	2150	1
54	0	0	2250	1
55	0	0	2350	1
56	0	0	2450	1
57	0	0	2550	1
58	0	0	2650	1
59	0	0	2750	1
60	0	0	2850	1
61	0	0	2950	1
62	0	0	3050	1
63	0	0	3150	1];