%generate wiring information for single electrode
%standard format for columns in probewiring:
%column 1: channel number (starts with 0)
%column 2: x
%column 3: y
%column 4: z
%column 5: shaft
function probewiring=probeConfig_64D

probewiring=[
    0	0	0	1025	1
1	0	0	925	1
2	0	0	825	1
3	0	0	725	1
4	0	0	625	1
5	0	0	525	1
6	0	0	425	1
7	0	0	325	1
8	0	0	225	1
9	0	0	125	1
10	0	0	25	1
11	-16	0	50	1
12	-20	0	100	1
13	-20	0	150	1
14	-20	0	200	1
15	-20	0	250	1
16	-20	0	1050	1
17	-20	0	1000	1
18	-20	0	950	1
19	-20	0	900	1
20	-20	0	850	1
21	-20	0	800	1
22	-20	0	750	1
23	-20	0	700	1
24	-20	0	650	1
25	-20	0	600	1
26	-20	0	550	1
27	-20	0	500	1
28	-20	0	450	1
29	-20	0	400	1
30	-20	0	350	1
31	-20	0	300	1
32	20	0	350	1
33	20	0	400	1
34	20	0	450	1
35	20	0	500	1
36	20	0	550	1
37	20	0	600	1
38	20	0	650	1
39	20	0	700	1
40	20	0	750	1
41	20	0	800	1
42	20	0	850	1
43	20	0	900	1
44	20	0	950	1
45	20	0	1000	1
46	20	0	1050	1
47	20	0	300	1
48	20	0	250	1
49	20	0	200	1
50	20	0	150	1
51	20	0	100	1
52	16	0	50	1
53	0	0	0	1
54	0	0	75	1
55	0	0	175	1
56	0	0	275	1
57	0	0	375	1
58	0	0	475	1
59	0	0	575	1
60	0	0	675	1
61	0	0	775	1
62	0	0	875	1
63	0	0	975	1];