%generate wiring information for 128A probe
%standard format for columns in probewiring:
%column 1: channel number (starts with 0)
%column 2: x
%column 3: y
%column 4: z
%column 5: shaft
function probewiring=probeConfig_128A

probewiring=[
0	0	0	700	2
1	0	0	650	2
2	0	0	600	2
3	0	0	550	2
4	0	0	500	2
5	0	0	450	2
6	0	0	400	2
7	0	0	350	2
8	0	0	300	2
9	0	0	250	2
10	0	0	200	2
11	0	0	150	2
12	0	0	100	2
13	0	0	50	2
14	0	0	0	2
15	0	0	750	2
16	0	0	800	2
17	0	0	850	2
18	0	0	900	2
19	0	0	950	2
20	4	0	1000	2
21	20	0	1050	2
22	20	0	975	2
23	20	0	875	2
24	20	0	775	2
25	20	0	675	2
26	20	0	575	2
27	20	0	475	2
28	20	0	375	2
29	20	0	275	2
30	20	0	175	2
31	20	0	75	2
32	20	0	25	2
33	20	0	125	2
34	20	0	225	2
35	20	0	325	2
36	20	0	425	2
37	20	0	525	2
38	20	0	625	2
39	20	0	725	2
40	20	0	825	2
41	20	0	925	2
42	20	0	1025	2
43	36	0	1000	2
44	40	0	950	2
45	40	0	900	2
46	40	0	850	2
47	40	0	800	2
48	40	0	0	2
49	40	0	50	2
50	40	0	100	2
51	40	0	150	2
52	40	0	200	2
53	40	0	250	2
54	40	0	300	2
55	40	0	350	2
56	40	0	400	2
57	40	0	450	2
58	40	0	500	2
59	40	0	550	2
60	40	0	600	2
61	40	0	650	2
62	40	0	700	2
63	40	0	750	2
64	400	0	700	1
65	400	0	650	1
66	400	0	600	1
67	400	0	550	1
68	400	0	500	1
69	400	0	450	1
70	400	0	400	1
71	400	0	350	1
72	400	0	300	1
73	400	0	250	1
74	400	0	200	1
75	400	0	150	1
76	400	0	100	1
77	400	0	50	1
78	400	0	0	1
79	400	0	750	1
80	400	0	800	1
81	400	0	850	1
82	400	0	900	1
83	400	0	950	1
84	404	0	1000	1
85	420	0	1050	1
86	420	0	975	1
87	420	0	875	1
88	420	0	775	1
89	420	0	675	1
90	420	0	575	1
91	420	0	475	1
92	420	0	375	1
93	420	0	275	1
94	420	0	175	1
95	420	0	75	1
96	420	0	25	1
97	420	0	125	1
98	420	0	225	1
99	420	0	325	1
100	420	0	425	1
101	420	0	525	1
102	420	0	625	1
103	420	0	725	1
104	420	0	825	1
105	420	0	925	1
106	420	0	1025	1
107	436	0	1000	1
108	440	0	950	1
109	440	0	900	1
110	440	0	850	1
111	440	0	800	1
112	440	0	0	1
113	440	0	50	1
114	440	0	100	1
115	440	0	150	1
116	440	0	200	1
117	440	0	250	1
118	440	0	300	1
119	440	0	350	1
120	440	0	400	1
121	440	0	450	1
122	440	0	500	1
123	440	0	550	1
124	440	0	600	1
125	440	0	650	1
126	440	0	700	1
127	440	0	750	1];