%generate wiring information for single electrode
%standard format for columns in probewiring:
%column 1: channel number
%column 2: x
%column 3: y
%column 4: z
%column 5: shaft
function probewiring=probeConfig_128P

probewiring=[
1	0	0	0	1
2	0	0	50	1
3	0	0	100	1
4	0	0	150	1
5	0	0	200	1
6	0	0	250	1
7	0	0	300	1
8	0	0	350	1
9	0	0	400	1
10	0	0	1550	1
11	0	0	1500	1
12	0	0	1450	1
13	0	0	1400	1
14	0	0	1350	1
15	0	0	1300	1
16	0	0	1250	1
17	0	0	1200	1
18	0	0	1150	1
19	0	0	1100	1
20	0	0	1050	1
21	0	0	1000	1
22	0	0	950	1
23	0	0	900	1
24	0	0	850	1
25	0	0	800	1
26	0	0	750	1
27	0	0	700	1
28	0	0	650	1
29	0	0	600	1
30	0	0	550	1
31	0	0	500	1
32	0	0	450	1
33	25	0	425	1
34	25	0	475	1
35	25	0	525	1
36	25	0	575	1
37	25	0	625	1
38	25	0	675	1
39	25	0	725	1
40	25	0	775	1
41	25	0	825	1
42	25	0	875	1
43	25	0	925	1
44	25	0	975	1
45	25	0	1025	1
46	25	0	1075	1
47	25	0	1125	1
48	25	0	1175	1
49	25	0	1225	1
50	25	0	1275	1
51	25	0	1325	1
52	25	0	1375	1
53	25	0	1425	1
54	25	0	1475	1
55	25	0	1525	1
56	25	0	1575	1
57	25	0	375	1
58	25	0	325	1
59	25	0	275	1
60	25	0	225	1
61	25	0	175	1
62	25	0	125	1
63	25	0	75	1
64	25	0	25	1
65	500	0	0	2
66	500	0	50	2
67	500	0	100	2
68	500	0	150	2
69	500	0	200	2
70	500	0	250	2
71	500	0	300	2
72	500	0	350	2
73	500	0	400	2
74	500	0	1550	2
75	500	0	1500	2
76	500	0	1450	2
77	500	0	1400	2
78	500	0	1350	2
79	500	0	1300	2
80	500	0	1250	2
81	500	0	1200	2
82	500	0	1150	2
83	500	0	1100	2
84	500	0	1050	2
85	500	0	1000	2
86	500	0	950	2
87	500	0	900	2
88	500	0	850	2
89	500	0	800	2
90	500	0	750	2
91	500	0	700	2
92	500	0	650	2
93	500	0	600	2
94	500	0	550	2
95	500	0	500	2
96	500	0	450	2
97	525	0	425	2
98	525	0	475	2
99	525	0	525	2
100	525	0	575	2
101	525	0	625	2
102	525	0	675	2
103	525	0	725	2
104	525	0	775	2
105	525	0	825	2
106	525	0	875	2
107	525	0	925	2
108	525	0	975	2
109	525	0	1025	2
110	525	0	1075	2
111	525	0	1125	2
112	525	0	1175	2
113	525	0	1225	2
114	525	0	1275	2
115	525	0	1325	2
116	525	0	1375	2
117	525	0	1425	2
118	525	0	1475	2
119	525	0	1525	2
120	525	0	1575	2
121	525	0	375	2
122	525	0	325	2
123	525	0	275	2
124	525	0	225	2
125	525	0	175	2
126	525	0	125	2
127	525	0	75	2
128	525	0	25	2];