%generate wiring information for single electrode
%standard format for columns in probewiring:
%column 1: channel number (starts with 0)
%column 2: x
%column 3: y
%column 4: z
%column 5: shaft
function probewiring=probeConfig_Fetsch1

probewiring=[
16	0	0	2015	1
14	0	0	1950	1
19	0	0	1885	1
13	0	0	1820	1
30	0	0	1755	1
0	0	0	1690	1
17	0	0	1625	1
15	0	0	1560	1
18	0	0	1495	1
12	0	0	1430	1
21	0	0	1365	1
11	0	0	1300	1
20	0	0	1235	1
10	0	0	1170	1
31	0	0	1105	1
1	0	0	1040	1
23	0	0	975	1
9	0	0	910	1
22	0	0	845	1
8	0	0	780	1
25	0	0	715	1
7	0	0	650	1
28	0	0	585	1
2	0	0	520	1
24	0	0	455	1
6	0	0	390	1
27	0	0	325	1
5	0	0	260	1
26	0	0	195	1
4	0	0	130	1
29	0	0	65	1
3	0	0	0	1
];