%generate wiring information for  electrode
%standard format for columns in probewiring:
%column 1: channel number (starts with 0)
%column 2: x 
%column 3: y
%column 4: z (0: bottom)
%column 5: shaft
function probewiring=probeConfig_NP1ShankTip

probewiring=[
0	27	0	0	1
1	59	0	0	1
2	27	0	15	1
3	59	0	15	1
4	27	0	30	1
5	59	0	30	1
6	27	0	45	1
7	59	0	45	1
8	27	0	60	1
9	59	0	60	1
10	27	0	75	1
11	59	0	75	1
12	27	0	90	1
13	59	0	90	1
14	27	0	105	1
15	59	0	105	1
16	27	0	120	1
17	59	0	120	1
18	27	0	135	1
19	59	0	135	1
20	27	0	150	1
21	59	0	150	1
22	27	0	165	1
23	59	0	165	1
24	27	0	180	1
25	59	0	180	1
26	27	0	195	1
27	59	0	195	1
28	27	0	210	1
29	59	0	210	1
30	27	0	225	1
31	59	0	225	1
32	27	0	240	1
33	59	0	240	1
34	27	0	255	1
35	59	0	255	1
36	27	0	270	1
37	59	0	270	1
38	27	0	285	1
39	59	0	285	1
40	27	0	300	1
41	59	0	300	1
42	27	0	315	1
43	59	0	315	1
44	27	0	330	1
45	59	0	330	1
46	27	0	345	1
47	59	0	345	1
48	27	0	360	1
49	59	0	360	1
50	27	0	375	1
51	59	0	375	1
52	27	0	390	1
53	59	0	390	1
54	27	0	405	1
55	59	0	405	1
56	27	0	420	1
57	59	0	420	1
58	27	0	435	1
59	59	0	435	1
60	27	0	450	1
61	59	0	450	1
62	27	0	465	1
63	59	0	465	1
64	27	0	480	1
65	59	0	480	1
66	27	0	495	1
67	59	0	495	1
68	27	0	510	1
69	59	0	510	1
70	27	0	525	1
71	59	0	525	1
72	27	0	540	1
73	59	0	540	1
74	27	0	555	1
75	59	0	555	1
76	27	0	570	1
77	59	0	570	1
78	27	0	585	1
79	59	0	585	1
80	27	0	600	1
81	59	0	600	1
82	27	0	615	1
83	59	0	615	1
84	27	0	630	1
85	59	0	630	1
86	27	0	645	1
87	59	0	645	1
88	27	0	660	1
89	59	0	660	1
90	27	0	675	1
91	59	0	675	1
92	27	0	690	1
93	59	0	690	1
94	27	0	705	1
95	59	0	705	1
96	27	0	720	1
97	59	0	720	1
98	27	0	735	1
99	59	0	735	1
100	27	0	750	1
101	59	0	750	1
102	27	0	765	1
103	59	0	765	1
104	27	0	780	1
105	59	0	780	1
106	27	0	795	1
107	59	0	795	1
108	27	0	810	1
109	59	0	810	1
110	27	0	825	1
111	59	0	825	1
112	27	0	840	1
113	59	0	840	1
114	27	0	855	1
115	59	0	855	1
116	27	0	870	1
117	59	0	870	1
118	27	0	885	1
119	59	0	885	1
120	27	0	900	1
121	59	0	900	1
122	27	0	915	1
123	59	0	915	1
124	27	0	930	1
125	59	0	930	1
126	27	0	945	1
127	59	0	945	1
128	27	0	960	1
129	59	0	960	1
130	27	0	975	1
131	59	0	975	1
132	27	0	990	1
133	59	0	990	1
134	27	0	1005	1
135	59	0	1005	1
136	27	0	1020	1
137	59	0	1020	1
138	27	0	1035	1
139	59	0	1035	1
140	27	0	1050	1
141	59	0	1050	1
142	27	0	1065	1
143	59	0	1065	1
144	27	0	1080	1
145	59	0	1080	1
146	27	0	1095	1
147	59	0	1095	1
148	27	0	1110	1
149	59	0	1110	1
150	27	0	1125	1
151	59	0	1125	1
152	27	0	1140	1
153	59	0	1140	1
154	27	0	1155	1
155	59	0	1155	1
156	27	0	1170	1
157	59	0	1170	1
158	27	0	1185	1
159	59	0	1185	1
160	27	0	1200	1
161	59	0	1200	1
162	27	0	1215	1
163	59	0	1215	1
164	27	0	1230	1
165	59	0	1230	1
166	27	0	1245	1
167	59	0	1245	1
168	27	0	1260	1
169	59	0	1260	1
170	27	0	1275	1
171	59	0	1275	1
172	27	0	1290	1
173	59	0	1290	1
174	27	0	1305	1
175	59	0	1305	1
176	27	0	1320	1
177	59	0	1320	1
178	27	0	1335	1
179	59	0	1335	1
180	27	0	1350	1
181	59	0	1350	1
182	27	0	1365	1
183	59	0	1365	1
184	27	0	1380	1
185	59	0	1380	1
186	27	0	1395	1
187	59	0	1395	1
188	27	0	1410	1
189	59	0	1410	1
190	27	0	1425	1
191	59	0	1425	1
192	27	0	1440	1
193	59	0	1440	1
194	27	0	1455	1
195	59	0	1455	1
196	27	0	1470	1
197	59	0	1470	1
198	27	0	1485	1
199	59	0	1485	1
200	27	0	1500	1
201	59	0	1500	1
202	27	0	1515	1
203	59	0	1515	1
204	27	0	1530	1
205	59	0	1530	1
206	27	0	1545	1
207	59	0	1545	1
208	27	0	1560	1
209	59	0	1560	1
210	27	0	1575	1
211	59	0	1575	1
212	27	0	1590	1
213	59	0	1590	1
214	27	0	1605	1
215	59	0	1605	1
216	27	0	1620	1
217	59	0	1620	1
218	27	0	1635	1
219	59	0	1635	1
220	27	0	1650	1
221	59	0	1650	1
222	27	0	1665	1
223	59	0	1665	1
224	27	0	1680	1
225	59	0	1680	1
226	27	0	1695	1
227	59	0	1695	1
228	27	0	1710	1
229	59	0	1710	1
230	27	0	1725	1
231	59	0	1725	1
232	27	0	1740	1
233	59	0	1740	1
234	27	0	1755	1
235	59	0	1755	1
236	27	0	1770	1
237	59	0	1770	1
238	27	0	1785	1
239	59	0	1785	1
240	27	0	1800	1
241	59	0	1800	1
242	27	0	1815	1
243	59	0	1815	1
244	27	0	1830	1
245	59	0	1830	1
246	27	0	1845	1
247	59	0	1845	1
248	27	0	1860	1
249	59	0	1860	1
250	27	0	1875	1
251	59	0	1875	1
252	27	0	1890	1
253	59	0	1890	1
254	27	0	1905	1
255	59	0	1905	1
256	27	0	1920	1
257	59	0	1920	1
258	27	0	1935	1
259	59	0	1935	1
260	27	0	1950	1
261	59	0	1950	1
262	27	0	1965	1
263	59	0	1965	1
264	27	0	1980	1
265	59	0	1980	1
266	27	0	1995	1
267	59	0	1995	1
268	27	0	2010	1
269	59	0	2010	1
270	27	0	2025	1
271	59	0	2025	1
272	27	0	2040	1
273	59	0	2040	1
274	27	0	2055	1
275	59	0	2055	1
276	27	0	2070	1
277	59	0	2070	1
278	27	0	2085	1
279	59	0	2085	1
280	27	0	2100	1
281	59	0	2100	1
282	27	0	2115	1
283	59	0	2115	1
284	27	0	2130	1
285	59	0	2130	1
286	27	0	2145	1
287	59	0	2145	1
288	27	0	2160	1
289	59	0	2160	1
290	27	0	2175	1
291	59	0	2175	1
292	27	0	2190	1
293	59	0	2190	1
294	27	0	2205	1
295	59	0	2205	1
296	27	0	2220	1
297	59	0	2220	1
298	27	0	2235	1
299	59	0	2235	1
300	27	0	2250	1
301	59	0	2250	1
302	27	0	2265	1
303	59	0	2265	1
304	27	0	2280	1
305	59	0	2280	1
306	27	0	2295	1
307	59	0	2295	1
308	27	0	2310	1
309	59	0	2310	1
310	27	0	2325	1
311	59	0	2325	1
312	27	0	2340	1
313	59	0	2340	1
314	27	0	2355	1
315	59	0	2355	1
316	27	0	2370	1
317	59	0	2370	1
318	27	0	2385	1
319	59	0	2385	1
320	27	0	2400	1
321	59	0	2400	1
322	27	0	2415	1
323	59	0	2415	1
324	27	0	2430	1
325	59	0	2430	1
326	27	0	2445	1
327	59	0	2445	1
328	27	0	2460	1
329	59	0	2460	1
330	27	0	2475	1
331	59	0	2475	1
332	27	0	2490	1
333	59	0	2490	1
334	27	0	2505	1
335	59	0	2505	1
336	27	0	2520	1
337	59	0	2520	1
338	27	0	2535	1
339	59	0	2535	1
340	27	0	2550	1
341	59	0	2550	1
342	27	0	2565	1
343	59	0	2565	1
344	27	0	2580	1
345	59	0	2580	1
346	27	0	2595	1
347	59	0	2595	1
348	27	0	2610	1
349	59	0	2610	1
350	27	0	2625	1
351	59	0	2625	1
352	27	0	2640	1
353	59	0	2640	1
354	27	0	2655	1
355	59	0	2655	1
356	27	0	2670	1
357	59	0	2670	1
358	27	0	2685	1
359	59	0	2685	1
360	27	0	2700	1
361	59	0	2700	1
362	27	0	2715	1
363	59	0	2715	1
364	27	0	2730	1
365	59	0	2730	1
366	27	0	2745	1
367	59	0	2745	1
368	27	0	2760	1
369	59	0	2760	1
370	27	0	2775	1
371	59	0	2775	1
372	27	0	2790	1
373	59	0	2790	1
374	27	0	2805	1
375	59	0	2805	1
376	27	0	2820	1
377	59	0	2820	1
378	27	0	2835	1
379	59	0	2835	1
380	27	0	2850	1
381	59	0	2850	1
382	27	0	2865	1
383	59	0	2865	1

];