%generate wiring information for single electrode
%standard format for columns in probewiring:
%column 1: channel number (starts with 0)
%column 2: x
%column 3: y
%column 4: z
%column 5: shaft
function probewiring=probeConfig_64F

probewiring=[
0	10.1000000000000	0	175	1
1	10.1000000000000	0	225	1
2	10.1000000000000	0	275	1
3	10.1000000000000	0	325	1
4	10.1000000000000	0	375	1
5	10.1000000000000	0	425	1
6	10.1000000000000	0	475	1
7	10.1000000000000	0	525	1
8	10.1000000000000	0	575	1
9	10.1000000000000	0	625	1
10	10.1000000000000	0	675	1
11	10.1000000000000	0	725	1
12	10.1000000000000	0	775	1
13	10.1000000000000	0	125	1
14	10.1000000000000	0	75	1
15	6.10000000000002	0	25	1
16	0	0	0	1
17	-10	0	50	1
18	-10	0	100	1
19	-10	0	750	1
20	-10	0	700	1
21	-10	0	650	1
22	-10	0	600	1
23	-10	0	550	1
24	-10	0	500	1
25	-10	0	450	1
26	-10	0	400	1
27	-10	0	350	1
28	-10	0	300	1
29	-10	0	250	1
30	-10	0	200	1
31	-10	0	150	1
32	310.100000000000	0	175	2
33	310.100000000000	0	225	2
34	310.100000000000	0	275	2
35	310.100000000000	0	325	2
36	310.100000000000	0	375	2
37	310.100000000000	0	425	2
38	310.100000000000	0	475	2
39	310.100000000000	0	525	2
40	310.100000000000	0	575	2
41	310.100000000000	0	625	2
42	310.100000000000	0	675	2
43	310.100000000000	0	725	2
44	310.100000000000	0	775	2
45	310.100000000000	0	125	2
46	310.100000000000	0	75	2
47	306.200000000000	0	25	2
48	300.100000000000	0	0	2
49	290.100000000000	0	50	2
50	290.100000000000	0	100	2
51	290.100000000000	0	750	2
52	290.100000000000	0	700	2
53	290.100000000000	0	650	2
54	290.100000000000	0	600	2
55	290.100000000000	0	550	2
56	290.100000000000	0	500	2
57	290.100000000000	0	450	2
58	290.100000000000	0	400	2
59	290.100000000000	0	350	2
60	290.100000000000	0	300	2
61	290.100000000000	0	250	2
62	290.100000000000	0	200	2
63	290.100000000000	0	150	2];