%generate wiring information for single electrode
%standard format for columns in probewiring:
%column 1: channel number (starts with 0)
%column 2: x
%column 3: y
%column 4: z
%column 5: shaft
function probewiring=probeConfig_64M

probewiring=[
0	0	0	0	1
1	0	0	50	1
2	0	0	100	1
3	0	0	150	1
4	0	0	200	1
5	0	0	250	1
6	0	0	300	1
7	0	0	350	1
8	0	0	400	1
9	0	0	450	1
10	0	0	500	1
11	0	0	550	1
12	0	0	600	1
13	0	0	650	1
14	0	0	700	1
15	0	0	750	1
16	0	0	800	1
17	0	0	850	1
18	0	0	900	1
19	0	0	950	1
20	0	0	1000	1
21	0	0	1050	1
22	0	0	1100	1
23	0	0	1150	1
24	0	0	1200	1
25	0	0	1250	1
26	0	0	1300	1
27	0	0	1350	1
28	0	0	1400	1
29	0	0	1450	1
30	0	0	1500	1
31	0	0	1550	1
32	25	0	425	1
33	25	0	475	1
34	25	0	525	1
35	25	0	575	1
36	25	0	625	1
37	25	0	675	1
38	25	0	725	1
39	25	0	775	1
40	25	0	825	1
41	25	0	875	1
42	25	0	925	1
43	25	0	975	1
44	25	0	1025	1
45	25	0	1075	1
46	25	0	1125	1
47	25	0	1175	1
48	25	0	1225	1
49	25	0	1275	1
50	25	0	1325	1
51	25	0	1375	1
52	25	0	1425	1
53	25	0	1475	1
54	25	0	1525	1
55	25	0	1575	1
56	25	0	375	1
57	25	0	325	1
58	25	0	275	1
59	25	0	225	1
60	25	0	175	1
61	25	0	125	1
62	25	0	75	1
63	25	0	25	1];