%generate wiring information for single electrode
%standard format for columns in probewiring:
%column 1: channel number (starts with 0)
%column 2: x
%column 3: y
%column 4: z
%column 5: shaft
function probewiring=probeConfig_CamH5

probewiring=[
0	22.5	0	62.5	1
1	22.5	0	112.5	1
2	0	0	75	1
3	0	0	100	1
4	22.5	0	187.5	1
5	0	0	0	1
6	0	0	175	1
7	22.5	0	12.5	1
8	22.5	0	162.5	1
9	0	0	25	1
10	0	0	50	1
11	22.5	0	137.5	1
12	22.5	0	37.5	1
13	0	0	150	1
14	22.5	0	87.5	1
15	22.5	0	287.5	1
16	0	0	300	1
17	0	0	125	1
18	22.5	0	312.5	1
19	0	0	275	1
20	0	0	325	1
21	22.5	0	262.5	1
22	22.5	0	337.5	1
23	0	0	250	1
24	0	0	350	1
25	22.5	0	237.5	1
26	22.5	0	362.5	1
27	0	0	225	1
28	22.5	0	387.5	1
29	22.5	0	212.5	1
30	22.5	0	412.5	1
31	0	0	200	1
32	0	0	375	1
33	22.5	0	437.5	1
34	22.5	0	787.5	1
35	22.5	0	462.5	1
36	22.5	0	762.5	1
37	22.5	0	487.5	1
38	22.5	0	737.5	1
39	22.5	0	512.5	1
40	22.5	0	712.5	1
41	22.5	0	537.5	1
42	22.5	0	687.5	1
43	22.5	0	562.5	1
44	22.5	0	662.5	1
45	22.5	0	587.5	1
46	22.5	0	637.5	1
47	0	0	650	1
48	0	0	575	1
49	22.5	0	612.5	1
50	0	0	475	1
51	0	0	700	1
52	0	0	500	1
53	0	0	675	1
54	0	0	725	1
55	0	0	450	1
56	0	0	750	1
57	0	0	425	1
58	0	0	775	1
59	0	0	400	1
60	0	0	550	1
61	0	0	600	1
62	0	0	525	1
63	0	0	625	1
];