%generate wiring information for single electrode
%standard format for columns in probewiring:
%column 1: channel number
%column 2: x
%column 3: y
%column 4: z
%column 5: shaft
function probewiring=probeConfig_64F

probewiring=[
1	10.1000000000000	0	175	1
2	10.1000000000000	0	225	1
3	10.1000000000000	0	275	1
4	10.1000000000000	0	325	1
5	10.1000000000000	0	375	1
6	10.1000000000000	0	425	1
7	10.1000000000000	0	475	1
8	10.1000000000000	0	525	1
9	10.1000000000000	0	575	1
10	10.1000000000000	0	625	1
11	10.1000000000000	0	675	1
12	10.1000000000000	0	725	1
13	10.1000000000000	0	775	1
14	10.1000000000000	0	125	1
15	10.1000000000000	0	75	1
16	6.10000000000002	0	25	1
17	0	0	0	1
18	-10	0	50	1
19	-10	0	100	1
20	-10	0	750	1
21	-10	0	700	1
22	-10	0	650	1
23	-10	0	600	1
24	-10	0	550	1
25	-10	0	500	1
26	-10	0	450	1
27	-10	0	400	1
28	-10	0	350	1
29	-10	0	300	1
30	-10	0	250	1
31	-10	0	200	1
32	-10	0	150	1
33	310.100000000000	0	175	2
34	310.100000000000	0	225	2
35	310.100000000000	0	275	2
36	310.100000000000	0	325	2
37	310.100000000000	0	375	2
38	310.100000000000	0	425	2
39	310.100000000000	0	475	2
40	310.100000000000	0	525	2
41	310.100000000000	0	575	2
42	310.100000000000	0	625	2
43	310.100000000000	0	675	2
44	310.100000000000	0	725	2
45	310.100000000000	0	775	2
46	310.100000000000	0	125	2
47	310.100000000000	0	75	2
48	306.200000000000	0	25	2
49	300.100000000000	0	0	2
50	290.100000000000	0	50	2
51	290.100000000000	0	100	2
52	290.100000000000	0	750	2
53	290.100000000000	0	700	2
54	290.100000000000	0	650	2
55	290.100000000000	0	600	2
56	290.100000000000	0	550	2
57	290.100000000000	0	500	2
58	290.100000000000	0	450	2
59	290.100000000000	0	400	2
60	290.100000000000	0	350	2
61	290.100000000000	0	300	2
62	290.100000000000	0	250	2
63	290.100000000000	0	200	2
64	290.100000000000	0	150	2];